11533059
11553813
11553815
11742071
12801868
12829800
12907009
14525983
14610279
14737219
14973112
15023342
15126339
15260889
15328174
15721472
15821115
15831674
15864312
15869330
15899792
15958538
15958562
15986123
16049480
16053509
16103053
16141321
16217747
16266993
16273092
16355216
16436632
16467094
16473279
16478745
16489013
16491124
16518402
16539734
16540638
16551631
16585219
16606439
16622258
16624241
16685433
16690749
16707453
16740749
16784538
16809442
16849555
16849584
16888767
16906285
16965636
17044051
17047072
17054791
17074082
17079448
17090521
17142811
17150101
17157791
17157792
17159920
17159986
17187826
17194187
17229949
17277331
17317819
17317830
17327601
17332353
17339364
17388661
17389037
17401012
17407600
17410534
17420468
17452456
17452977
17504517
17513611
17517823
17519006
17542648
17555561
17573968
17591970
17638883
17640904
17660348
17676035
17692807
17699763
17699774
17700529
17727702
17848951
17850661
17880733
17885619
17908964
17909269
17910759
17914389
17922911
17986456
17998334
18000219
18024211
18056439
18058224
18058819
18089780
18167534
18185580
18199711
18245484
18339859
18373191
18381591
18387200
18394990
18413752
18430221
18483253
18483266
18507500
18508997
18519693
18523026
18592372
18625725
18636107
18778486
18782450
18790743
18794137
18826606
18852131
18927117
18928525
19010862
19020972
19034270
19043454
19055748
19056847
19073608
19088042
19092150
19111877
19122658
19128516
19153601
19155303
19155472
19176381
19204204
19260470
19276356
19291283
19292896
19321454
19326913
19327144
19353633
19359472
19383292
19383354
19411069
19411072
19421193
19432961
19432969
19435916
19440163
19455418
19458043
19470741
19483725
19497124
19546881
19582160
19584232
19597549
19603527
19615061
19648928
19652013
19664288
19666588
19672874
19674463
19680443
19684618
19690609
19697143
19713161
19723875
19732725
19778445
19783824
19789319
19794958
19826037
19826428
19828020
19863778
19887484
19904269
19931263
19946373
20008144
20010949
20023006
20040597
20051100
20062080
20068102
20074520
20098429
20100965
20123965
20189874
20197764
20215510
20231686
20348243
20352489
20368555
20370918
20379172
20385360
20388878
20392875
20393566
20404328
20420713
20442245
20442288
20442302
20453058
20458274
20530877
20551037
20569502
20593406
20603076
20605923
20610814
20625818
20664596
20682797
20697427
20713713
20716336
20736300
20799942
20805453
20818426
20830311
20841480
20885442
20885998
20920318
20935265
20956553
20959477
21057535
21057537
21059815
21098291
21115855
21116709
21118987
21153051
21156726
21172013
21191116
21196292
21203899
21209903
21220496
21282336
21295272
21299862
21305644
21314937
21336598
21337521
21339811
21356353
21368160
21373875
21383199
21392396
21422418
21429729
21430268
21437235
21452019
21460848
21464939
21501481
21531212
21531700
21532620
21541704
21542898
21555689
21572391
21586611
21603599
21642992
21646475
21671017
21673316
21679412
21687633
21698245
21701558
21713035
21714911
21718502
21737487
21737656
21741598
21750966
21757645
21781289
21785460
21807638
21814748
21832072
21840484
21849418
21862633
21878914
21910250
21925160
21939527
21947683
21947828
21955753
22002519
22011439
22011582
22025034
22032690
22034635
22049316
22068913
22072566
22076154
22108517
22115192
22135092
22137794
22140552
22147940
22167321
22170610
22235097
22235336
22241084
22242178
22265415
22272226
22320227
22353773
22384020
22384245
22388088
22391567
22401979
22406531
22451486
22542627
22549178
22553414
22561309
22570330
22579283
22581827
22621393
22644306
22654675
22665533
22673335
22685544
22706203
22722193
22723339
22751464
22761433
22763454
22777768
22781553
22783022
22790872
22791811
22801492
22863008
22901808
22912335
22919439
22942254
22945757
22964023
22986524
23007696
23023562
23042145
23057841
23071754
23077249
23086238
23144294
23158478
23159737
23172872
23174366
23180380
23202794
23203637
23227362
23233531
23239149
23249749
23251464
23254957
23263164
23354309
23372777
23375374
23404817
23405235
23445407
23447531
23451269
23453623
23464452
23479404
23482743
23497265
23568481
23576735
23598999
23601657
23610125
23626839
23658826
23700430
23704984
23714854
23716599
23716660
23722663
23737486
23740839
23741392
23758908
23764000
23767917
23774759
23774991
23797906
23821771
23839042
23839987
23844228
23867476
23868506
23918601
23919753
23921383
23921636
23945276
23966295
23975155
23993096
24014597
24045437
24055055
24056965
24059244
24062158
24066071
24068959
24098497
24104550
24142343
24192230
24205108
24242068
24258260
24260353
24287398
24304929
24319068
24347552
24349199
24349422
24388359
24425047
24434582
24463184
24473196
24476918
24478054
24479446
24480385
24486594
24489661
24498386
24505128
24511467
24517586
24520076
24567196
24583822
24596383
24648515
24658685
24692592
24737166
24737760
24737870
24739241
24752740
24752895
24778019
24825746
24828490
24828673
24885658
24888378
24891615
24916694
24925029
24947930
24980552
24983371
25073626
25100562
25214461
25217527
25242334
25252914
25259922
25274406
25284793
25319826
25359765
25361981
25398440
25411184
25419568
25432738
25532106
25536365
25578726
25596703
25612620
25645921
25716159
25716347
25770156
25776572
25824335
25828099
25840970
25848952
25867603
25877889
25887482
25896507
25942583
25964533
25982273
26013319
26021444
26026082
26033813
26056355
26065921
26116361
26173068
26191083
26196186
26208975
26219822
26269605
26479923
26525104
26543765
26556871
26581166
26729235
26749252
26769127
26842237
26876179
26923594
26927663
27197157
27197230
27216153
27281208
27282075
27351228
27384960
27409664
27484095
27544780
27775704
28235006
28451461
